37.4079212787886
105.483642060009
129.229678358274
150.544043587579
162.131026979300
176.593879488097
202.940815856889
243.056373657097
276.146591852812
277.029428555682
279.650060565979
299.759049522701
344.365228626223
369.653739457374
414.366700588358
476.469723925574
483.899859599418
531.876709782772
541.215806052356
549.461688610388
594.267770630331
635.591905842999
701.886131911509
711.426502079840
738.146803859935
754.573352063482
759.186723922524
770.359453477999
815.864638401449
819.578296792355
831.339627922276
863.575038678894
884.300977857905
894.262719262598
913.006196072156
967.507427588506
1031.92674119521
1041.77594645266
1042.26739076833